111
112
113
114
115
116
117
118
119
121
122
123
124
125
129
131
132
133
139
211
212
213
214
215
216
217
218
219
221
222
223
224
225
226
229
231
232
233
234
235
236
237
239
241
242
243
244
245
246
247
248
249
251
252
253
254
255
259
261
262
263
264
265
266
267
268
269
271
272
273
274
275
276
279
290
311
312
313
314
315
316
317
319
321
322
323
324
325
326
327
329
331
332
333
339
341
342
349
391
392
393
394
395
396
397
399
411
412
419
421
422
423
424
429
430
441
442
443
449
490
510
520
590
611
612
613
614
615
616
617
619
621
622
623
624
625
629
631
632
633
634
635
636
639
641
642
649
690
711
712
713
714
715
719
721
722
729
731
732
733
734
735
739
791
799
811
812
819
821
